30.59551173942888
30.59837045947958
30.590434379280563
30.5804842312625
30.5779199920587
30.550049400982108
30.550855600968177
30.55341581278042
30.555748461865893
30.544073226355
30.53295403045893
30.525034820906498
30.53974487530989
30.535188622678824
30.533052654930795
30.528838251055372
30.525033373558486
30.521741924554615
30.518245839187575
30.516064103946213
30.51966798097617
30.524391189909647
30.525720533354264
30.53110952499932
30.534903521815785
30.535842747799624
30.528145089114094
30.53147712014402
30.530846137562623
30.53148278699271
30.531520974779337
30.52907301120014
30.532170462107167
30.529526687267275
30.532133437564994
30.537039283756094
30.53242311717957
30.533430545764944
30.530355064347155
30.53329049952704
30.534295599211035
30.53178866761567
30.527760652523586
30.525258087742387
30.53205683944306
30.53024633449081
30.531672386478732
30.534438347346182
30.538190441467084
30.533019092580275
30.5311987317084
30.532040451115872
30.53307817370074
30.534395452500068
30.539920157839088
30.54233291927365
30.542917381859127
30.546624570383454
30.54631965958897
30.544564259383925
30.547931256776476
30.547830565271397
30.549501686453667
30.54664109472658
30.543975581747294
30.53974829190432
30.540019762637215
30.54262211542666
30.538633716269693
30.538615875894696
30.53953198017882
30.538653111729253
30.539613704946866
30.540333131281063
30.54272883989807
30.54509908365468
30.546111531976333
30.545090939936856
30.54446415777848
30.54663174400834
30.54781624108888
30.547312400242074
30.54730680634651
30.547810753735668
30.54759703466999
30.54656789188654
30.547413791994313
30.548946464780105
30.548628513593986
30.550064747410005
30.54946313729946
30.54869291379586
30.548251408365925
30.547933584320823
30.547670236784704
30.548822932934566
30.54877327052637
30.54850822657664
30.549369881758373
30.549085019681776
30.550543277391228
30.550290153107866
30.550158092606758
30.5531702189652
30.552898131753157
30.552166788064504
30.552553754665226
30.555223016672638
30.555011054674363
30.553772655484597
30.554622914539422
30.554116112775947
30.553845344899717
30.55356449177925
30.5538076591104
30.552906060205817
30.5526675771572
30.551617972636105
30.550375690665398
30.5506953070205
30.550843949110146
30.5509760123213
