0.9482815451740444
0.9482305416250902
0.9482685820563255
0.9482216609964703
0.9481557601820126
0.9481563758241035
0.9480839608170006
0.9481767715397049
0.9482103569992096
0.9481894670576095
0.9480830638290877
0.9479992422600859
0.94806439122433
0.9480366959746233
0.9480136487682251
0.9479327322077733
0.9479005950131759
0.9478784391363083
0.9478338075616197
0.9478475899666028
0.9478732135483228
0.9479117922508348
0.9478991614688568
0.9479211483017771
0.9479487504466251
0.9479603338119557
0.9479625248513016
0.9479979408524122
0.9479920593031674
0.947980984733737
0.947954003584422
0.9479417560686211
0.9479377994291228
0.9479345947549171
0.947932591222304
0.9479636756934192
0.9479420013016612
0.9479598130112915
0.9479323389344966
0.9479438741110187
0.9479532100324902
0.9479236229140391
0.9478942829367653
0.9478886622060714
0.9479013162457235
0.9478861395641067
0.9478999529196731
0.9479155146363636
0.947918121154943
0.9478934838574471
0.9478796997898363
0.947884514875315
0.9478903911221522
0.9478936062854432
0.9479235354130491
0.9479450071962613
0.9479447772536989
0.9479525441045489
0.9479562262087654
0.94795391492778
0.9479705278047045
0.9479732595909234
0.9479879939017002
0.9479789669872688
0.9479628900471514
0.947943504189872
0.9479531328348764
0.9479604481226214
0.9479504580447922
0.9479506605388108
0.9479550425044073
0.9479542437549998
0.9479647901914336
0.9479652167548464
0.9479727670425778
0.947988209151873
0.9479931501945157
0.9479936309866042
0.9479893091002186
0.9479860036525081
0.947977105124385
0.9479787302485116
0.9479811744359319
0.9479860315426574
0.9479837318180134
0.947971721771557
0.9479733430578061
0.9479828587177727
0.9479829476393672
0.9479917659040314
0.9479924223770362
0.9479880407438085
0.9479847211891241
0.9479852503693292
0.9479736236251743
0.9479740180234896
0.9479720246026118
0.9479770093972422
0.9479811665791498
0.9479857902616754
0.9479896609109282
0.9479947368650651
0.9479898772111618
0.9480100829150098
0.948014394445814
0.9480085895688378
0.947999995068323
0.9480105158840292
0.9480067023880085
0.9479960428918046
0.9479952356765261
0.9479916624251223
0.9479904132701807
0.9479846861888772
0.9479786220447401
0.9479775897382141
0.9479688123463527
0.9479724503513839
0.9479648820315209
0.9479641586649755
0.9479649865069654
0.9479593982010016
